alpha	precision	recall	pred.col	F1
Inf	NA	0	ABC.ABC.Score	NA
0.077682	1	0.142857142857143	ABC.ABC.Score	0.25
0.061234	1	0.285714285714286	ABC.ABC.Score	0.444444444444444
0.048361	0.666666666666667	0.285714285714286	ABC.ABC.Score	0.4
0.042696	0.5	0.285714285714286	ABC.ABC.Score	0.363636363636364
0.036838	0.6	0.428571428571429	ABC.ABC.Score	0.5
0.034172	0.5	0.428571428571429	ABC.ABC.Score	0.461538461538461
0.028852	0.428571428571429	0.428571428571429	ABC.ABC.Score	0.428571428571429
0.027118	0.5	0.571428571428571	ABC.ABC.Score	0.533333333333333
0.0224	0.444444444444444	0.571428571428571	ABC.ABC.Score	0.5
0.021591	0.5	0.714285714285714	ABC.ABC.Score	0.588235294117647
0.019471	0.545454545454545	0.857142857142857	ABC.ABC.Score	0.666666666666667
0.017057	0.5	0.857142857142857	ABC.ABC.Score	0.631578947368421
0.016977	0.461538461538462	0.857142857142857	ABC.ABC.Score	0.6
0.014407	0.428571428571429	0.857142857142857	ABC.ABC.Score	0.571428571428571
0.013801	0.4	0.857142857142857	ABC.ABC.Score	0.545454545454545
0.011788	0.4375	1	ABC.ABC.Score	0.608695652173913
0.011137	0.411764705882353	1	ABC.ABC.Score	0.583333333333333
0.010395	0.388888888888889	1	ABC.ABC.Score	0.56
0.009943	0.368421052631579	1	ABC.ABC.Score	0.538461538461538
0.009544	0.35	1	ABC.ABC.Score	0.518518518518518
0.006804	0.333333333333333	1	ABC.ABC.Score	0.5
0.006609	0.318181818181818	1	ABC.ABC.Score	0.482758620689655
0.006484	0.304347826086957	1	ABC.ABC.Score	0.466666666666667
0.005918	0.291666666666667	1	ABC.ABC.Score	0.451612903225806
0.00555	0.28	1	ABC.ABC.Score	0.4375
0.005326	0.269230769230769	1	ABC.ABC.Score	0.424242424242424
0.005307	0.259259259259259	1	ABC.ABC.Score	0.411764705882353
0.005004	0.25	1	ABC.ABC.Score	0.4
0.003979	0.241379310344828	1	ABC.ABC.Score	0.388888888888889
0.003937	0.233333333333333	1	ABC.ABC.Score	0.378378378378378
0.003555	0.225806451612903	1	ABC.ABC.Score	0.368421052631579
0.003502	0.21875	1	ABC.ABC.Score	0.358974358974359
0.003468	0.212121212121212	1	ABC.ABC.Score	0.35
0.003376	0.205882352941176	1	ABC.ABC.Score	0.341463414634146
0.003192	0.2	1	ABC.ABC.Score	0.333333333333333
0.003176	0.194444444444444	1	ABC.ABC.Score	0.325581395348837
0.003077	0.189189189189189	1	ABC.ABC.Score	0.318181818181818
0.003019	0.184210526315789	1	ABC.ABC.Score	0.311111111111111
0.00293	0.179487179487179	1	ABC.ABC.Score	0.304347826086957
0.00286	0.175	1	ABC.ABC.Score	0.297872340425532
0.002827	0.170731707317073	1	ABC.ABC.Score	0.291666666666667
0.00273	0.166666666666667	1	ABC.ABC.Score	0.285714285714286
0.002617	0.162790697674419	1	ABC.ABC.Score	0.28
0.002308	0.159090909090909	1	ABC.ABC.Score	0.274509803921569
0.002244	0.155555555555556	1	ABC.ABC.Score	0.269230769230769
0.002236	0.152173913043478	1	ABC.ABC.Score	0.264150943396226
0.002144	0.148936170212766	1	ABC.ABC.Score	0.259259259259259
0.001986	0.145833333333333	1	ABC.ABC.Score	0.254545454545455
0.00169	0.142857142857143	1	ABC.ABC.Score	0.25
0.001487	0.14	1	ABC.ABC.Score	0.245614035087719
0.00147	0.137254901960784	1	ABC.ABC.Score	0.241379310344828
0.001398	0.134615384615385	1	ABC.ABC.Score	0.23728813559322
0.001375	0.132075471698113	1	ABC.ABC.Score	0.233333333333333
0.001193	0.12962962962963	1	ABC.ABC.Score	0.229508196721311
0.001062	0.127272727272727	1	ABC.ABC.Score	0.225806451612903
0.001058	0.125	1	ABC.ABC.Score	0.222222222222222
0.001051	0.12280701754386	1	ABC.ABC.Score	0.21875
0.001021	0.120689655172414	1	ABC.ABC.Score	0.215384615384615
0.000999	0.11864406779661	1	ABC.ABC.Score	0.212121212121212
0.000897	0.116666666666667	1	ABC.ABC.Score	0.208955223880597
0.000891	0.114754098360656	1	ABC.ABC.Score	0.205882352941176
0.000853	0.112903225806452	1	ABC.ABC.Score	0.202898550724638
0.000844	0.111111111111111	1	ABC.ABC.Score	0.2
0.000748	0.109375	1	ABC.ABC.Score	0.197183098591549
7e-04	0.107692307692308	1	ABC.ABC.Score	0.194444444444444
0.000552	0.106060606060606	1	ABC.ABC.Score	0.191780821917808
0.000526	0.104477611940299	1	ABC.ABC.Score	0.189189189189189
0.000401	0.102941176470588	1	ABC.ABC.Score	0.186666666666667
0.000373	0.101449275362319	1	ABC.ABC.Score	0.184210526315789
0.000338	0.1	1	ABC.ABC.Score	0.181818181818182
0	0.0933333333333333	1	ABC.ABC.Score	0.170731707317073
Inf	NA	0	ABC.Matched.ABC.Score	NA
0.060119	1	0.142857142857143	ABC.Matched.ABC.Score	0.25
0.047313	0.333333333333333	0.142857142857143	ABC.Matched.ABC.Score	0.2
0.034736	0.5	0.285714285714286	ABC.Matched.ABC.Score	0.363636363636364
0.030805	0.6	0.428571428571429	ABC.Matched.ABC.Score	0.5
0.029528	0.5	0.428571428571429	ABC.Matched.ABC.Score	0.461538461538461
0.027601	0.428571428571429	0.428571428571429	ABC.Matched.ABC.Score	0.428571428571429
0.023718	0.375	0.428571428571429	ABC.Matched.ABC.Score	0.4
0.022081	0.444444444444444	0.571428571428571	ABC.Matched.ABC.Score	0.5
0.020983	0.5	0.714285714285714	ABC.Matched.ABC.Score	0.588235294117647
0.020702	0.416666666666667	0.714285714285714	ABC.Matched.ABC.Score	0.526315789473684
0.014479	0.384615384615385	0.714285714285714	ABC.Matched.ABC.Score	0.5
0.013293	0.428571428571429	0.857142857142857	ABC.Matched.ABC.Score	0.571428571428571
0.012933	0.375	0.857142857142857	ABC.Matched.ABC.Score	0.521739130434783
0.011336	0.411764705882353	1	ABC.Matched.ABC.Score	0.583333333333333
0.011137	0.35	1	ABC.Matched.ABC.Score	0.518518518518518
0.0098	0.333333333333333	1	ABC.Matched.ABC.Score	0.5
0.008625	0.318181818181818	1	ABC.Matched.ABC.Score	0.482758620689655
0.00822	0.304347826086957	1	ABC.Matched.ABC.Score	0.466666666666667
0.007358	0.291666666666667	1	ABC.Matched.ABC.Score	0.451612903225806
0.007311	0.28	1	ABC.Matched.ABC.Score	0.4375
0.007223	0.269230769230769	1	ABC.Matched.ABC.Score	0.424242424242424
0.007203	0.25	1	ABC.Matched.ABC.Score	0.4
0.00438	0.241379310344828	1	ABC.Matched.ABC.Score	0.388888888888889
0.003102	0.233333333333333	1	ABC.Matched.ABC.Score	0.378378378378378
0.002683	0.225806451612903	1	ABC.Matched.ABC.Score	0.368421052631579
0.002628	0.21875	1	ABC.Matched.ABC.Score	0.358974358974359
0.002536	0.212121212121212	1	ABC.Matched.ABC.Score	0.35
0.002518	0.205882352941176	1	ABC.Matched.ABC.Score	0.341463414634146
0.002464	0.2	1	ABC.Matched.ABC.Score	0.333333333333333
0.002407	0.194444444444444	1	ABC.Matched.ABC.Score	0.325581395348837
0.001947	0.189189189189189	1	ABC.Matched.ABC.Score	0.318181818181818
0.001674	0.184210526315789	1	ABC.Matched.ABC.Score	0.311111111111111
0.001112	0.179487179487179	1	ABC.Matched.ABC.Score	0.304347826086957
0.001048	0.175	1	ABC.Matched.ABC.Score	0.297872340425532
0.001046	0.170731707317073	1	ABC.Matched.ABC.Score	0.291666666666667
0.001004	0.166666666666667	1	ABC.Matched.ABC.Score	0.285714285714286
0.00099	0.162790697674419	1	ABC.Matched.ABC.Score	0.28
0.000886	0.159090909090909	1	ABC.Matched.ABC.Score	0.274509803921569
0.000826	0.155555555555556	1	ABC.Matched.ABC.Score	0.269230769230769
0.000756	0.152173913043478	1	ABC.Matched.ABC.Score	0.264150943396226
0.000553	0.148936170212766	1	ABC.Matched.ABC.Score	0.259259259259259
0.000149	0.145833333333333	1	ABC.Matched.ABC.Score	0.254545454545455
0	0.0933333333333333	1	ABC.Matched.ABC.Score	0.170731707317073
Inf	NA	0	ABC.Matched.QuantPCHiC.ABC.Score	NA
0.045524	1	0.142857142857143	ABC.Matched.QuantPCHiC.ABC.Score	0.25
0.043	1	0.285714285714286	ABC.Matched.QuantPCHiC.ABC.Score	0.444444444444444
0.042999	0.5	0.285714285714286	ABC.Matched.QuantPCHiC.ABC.Score	0.363636363636364
0.022761	0.285714285714286	0.285714285714286	ABC.Matched.QuantPCHiC.ABC.Score	0.285714285714286
0.021463	0.375	0.428571428571429	ABC.Matched.QuantPCHiC.ABC.Score	0.4
0.019856	0.444444444444444	0.571428571428571	ABC.Matched.QuantPCHiC.ABC.Score	0.5
0.018551	0.363636363636364	0.571428571428571	ABC.Matched.QuantPCHiC.ABC.Score	0.444444444444444
0.017227	0.416666666666667	0.714285714285714	ABC.Matched.QuantPCHiC.ABC.Score	0.526315789473684
0.017172	0.384615384615385	0.714285714285714	ABC.Matched.QuantPCHiC.ABC.Score	0.5
0.01626	0.428571428571429	0.857142857142857	ABC.Matched.QuantPCHiC.ABC.Score	0.571428571428571
0.015806	0.4	0.857142857142857	ABC.Matched.QuantPCHiC.ABC.Score	0.545454545454545
0.010317	0.4375	1	ABC.Matched.QuantPCHiC.ABC.Score	0.608695652173913
0.006469	0.411764705882353	1	ABC.Matched.QuantPCHiC.ABC.Score	0.583333333333333
0.006323	0.388888888888889	1	ABC.Matched.QuantPCHiC.ABC.Score	0.56
0.00624	0.368421052631579	1	ABC.Matched.QuantPCHiC.ABC.Score	0.538461538461538
0.006146	0.35	1	ABC.Matched.QuantPCHiC.ABC.Score	0.518518518518518
0.006142	0.318181818181818	1	ABC.Matched.QuantPCHiC.ABC.Score	0.482758620689655
0.005814	0.291666666666667	1	ABC.Matched.QuantPCHiC.ABC.Score	0.451612903225806
0.004489	0.28	1	ABC.Matched.QuantPCHiC.ABC.Score	0.4375
0.003878	0.269230769230769	1	ABC.Matched.QuantPCHiC.ABC.Score	0.424242424242424
0.003807	0.259259259259259	1	ABC.Matched.QuantPCHiC.ABC.Score	0.411764705882353
0.003225	0.25	1	ABC.Matched.QuantPCHiC.ABC.Score	0.4
0.002979	0.241379310344828	1	ABC.Matched.QuantPCHiC.ABC.Score	0.388888888888889
0.00248	0.233333333333333	1	ABC.Matched.QuantPCHiC.ABC.Score	0.378378378378378
0.002366	0.225806451612903	1	ABC.Matched.QuantPCHiC.ABC.Score	0.368421052631579
0.002137	0.21875	1	ABC.Matched.QuantPCHiC.ABC.Score	0.358974358974359
0.002082	0.212121212121212	1	ABC.Matched.QuantPCHiC.ABC.Score	0.35
0.001741	0.205882352941176	1	ABC.Matched.QuantPCHiC.ABC.Score	0.341463414634146
0.001703	0.2	1	ABC.Matched.QuantPCHiC.ABC.Score	0.333333333333333
0.001542	0.194444444444444	1	ABC.Matched.QuantPCHiC.ABC.Score	0.325581395348837
0.001367	0.189189189189189	1	ABC.Matched.QuantPCHiC.ABC.Score	0.318181818181818
0.001355	0.184210526315789	1	ABC.Matched.QuantPCHiC.ABC.Score	0.311111111111111
0.001339	0.179487179487179	1	ABC.Matched.QuantPCHiC.ABC.Score	0.304347826086957
0.001283	0.175	1	ABC.Matched.QuantPCHiC.ABC.Score	0.297872340425532
0.001264	0.170731707317073	1	ABC.Matched.QuantPCHiC.ABC.Score	0.291666666666667
0.001221	0.166666666666667	1	ABC.Matched.QuantPCHiC.ABC.Score	0.285714285714286
0.001187	0.162790697674419	1	ABC.Matched.QuantPCHiC.ABC.Score	0.28
0.001077	0.159090909090909	1	ABC.Matched.QuantPCHiC.ABC.Score	0.274509803921569
0.000962	0.155555555555556	1	ABC.Matched.QuantPCHiC.ABC.Score	0.269230769230769
0.000874	0.152173913043478	1	ABC.Matched.QuantPCHiC.ABC.Score	0.264150943396226
0.000693	0.148936170212766	1	ABC.Matched.QuantPCHiC.ABC.Score	0.259259259259259
0.000124	0.145833333333333	1	ABC.Matched.QuantPCHiC.ABC.Score	0.254545454545455
0	0.0933333333333333	1	ABC.Matched.QuantPCHiC.ABC.Score	0.170731707317073
Inf	NA	0	hardcode.distance	NA
-11255	0	0	hardcode.distance	0
-12917	0.5	0.142857142857143	hardcode.distance	0.222222222222222
-13769	0.666666666666667	0.285714285714286	hardcode.distance	0.4
-24099	0.75	0.428571428571429	hardcode.distance	0.545454545454545
-26655	0.8	0.571428571428571	hardcode.distance	0.666666666666667
-26778	0.666666666666667	0.571428571428571	hardcode.distance	0.615384615384615
-29540	0.571428571428571	0.571428571428571	hardcode.distance	0.571428571428571
-30562	0.5	0.571428571428571	hardcode.distance	0.533333333333333
-41099	0.444444444444444	0.571428571428571	hardcode.distance	0.5
-43407	0.4	0.571428571428571	hardcode.distance	0.470588235294118
-48417	0.363636363636364	0.571428571428571	hardcode.distance	0.444444444444444
-53204	0.333333333333333	0.571428571428571	hardcode.distance	0.421052631578947
-54008	0.307692307692308	0.571428571428571	hardcode.distance	0.4
-57979	0.357142857142857	0.714285714285714	hardcode.distance	0.476190476190476
-60961	0.333333333333333	0.714285714285714	hardcode.distance	0.454545454545455
-61886	0.3125	0.714285714285714	hardcode.distance	0.434782608695652
-66103	0.294117647058824	0.714285714285714	hardcode.distance	0.416666666666667
-72372	0.277777777777778	0.714285714285714	hardcode.distance	0.4
-72817	0.263157894736842	0.714285714285714	hardcode.distance	0.384615384615385
-76418	0.25	0.714285714285714	hardcode.distance	0.37037037037037
-88895	0.238095238095238	0.714285714285714	hardcode.distance	0.357142857142857
-97298	0.227272727272727	0.714285714285714	hardcode.distance	0.344827586206897
-97474	0.217391304347826	0.714285714285714	hardcode.distance	0.333333333333333
-98279.5	0.208333333333333	0.714285714285714	hardcode.distance	0.32258064516129
-102435	0.2	0.714285714285714	hardcode.distance	0.3125
-102449	0.192307692307692	0.714285714285714	hardcode.distance	0.303030303030303
-103555	0.185185185185185	0.714285714285714	hardcode.distance	0.294117647058823
-104458	0.178571428571429	0.714285714285714	hardcode.distance	0.285714285714286
-116612	0.172413793103448	0.714285714285714	hardcode.distance	0.277777777777778
-118406	0.166666666666667	0.714285714285714	hardcode.distance	0.27027027027027
-120240	0.161290322580645	0.714285714285714	hardcode.distance	0.263157894736842
-140007	0.15625	0.714285714285714	hardcode.distance	0.256410256410256
-141204	0.151515151515152	0.714285714285714	hardcode.distance	0.25
-141665	0.147058823529412	0.714285714285714	hardcode.distance	0.24390243902439
-143404	0.142857142857143	0.714285714285714	hardcode.distance	0.238095238095238
-144731	0.138888888888889	0.714285714285714	hardcode.distance	0.232558139534884
-145383	0.162162162162162	0.857142857142857	hardcode.distance	0.272727272727273
-149679	0.157894736842105	0.857142857142857	hardcode.distance	0.266666666666667
-150429	0.153846153846154	0.857142857142857	hardcode.distance	0.260869565217391
-151873	0.15	0.857142857142857	hardcode.distance	0.25531914893617
-153726	0.170731707317073	1	hardcode.distance	0.291666666666667
-155376	0.166666666666667	1	hardcode.distance	0.285714285714286
-161660	0.162790697674419	1	hardcode.distance	0.28
-168610	0.159090909090909	1	hardcode.distance	0.274509803921569
-171959.5	0.155555555555556	1	hardcode.distance	0.269230769230769
-188346	0.152173913043478	1	hardcode.distance	0.264150943396226
-189922	0.148936170212766	1	hardcode.distance	0.259259259259259
-197489	0.145833333333333	1	hardcode.distance	0.254545454545455
-204280	0.142857142857143	1	hardcode.distance	0.25
-209566	0.14	1	hardcode.distance	0.245614035087719
-214983	0.137254901960784	1	hardcode.distance	0.241379310344828
-222393	0.134615384615385	1	hardcode.distance	0.23728813559322
-223446	0.132075471698113	1	hardcode.distance	0.233333333333333
-223817	0.12962962962963	1	hardcode.distance	0.229508196721311
-245492	0.127272727272727	1	hardcode.distance	0.225806451612903
-248329	0.125	1	hardcode.distance	0.222222222222222
-253448.5	0.12280701754386	1	hardcode.distance	0.21875
-257121	0.120689655172414	1	hardcode.distance	0.215384615384615
-261460	0.11864406779661	1	hardcode.distance	0.212121212121212
-262007	0.116666666666667	1	hardcode.distance	0.208955223880597
-263100	0.114754098360656	1	hardcode.distance	0.205882352941176
-263441	0.112903225806452	1	hardcode.distance	0.202898550724638
-278266	0.111111111111111	1	hardcode.distance	0.2
-278937	0.109375	1	hardcode.distance	0.197183098591549
-279990	0.107692307692308	1	hardcode.distance	0.194444444444444
-294948	0.106060606060606	1	hardcode.distance	0.191780821917808
-324694	0.104477611940299	1	hardcode.distance	0.189189189189189
-339901	0.102941176470588	1	hardcode.distance	0.186666666666667
-354875	0.101449275362319	1	hardcode.distance	0.184210526315789
-365900	0.1	1	hardcode.distance	0.181818181818182
-372641	0.0985915492957746	1	hardcode.distance	0.179487179487179
-373730	0.0972222222222222	1	hardcode.distance	0.177215189873418
-382289	0.0958904109589041	1	hardcode.distance	0.175
-394193	0.0945945945945946	1	hardcode.distance	0.172839506172839
-409606	0.0933333333333333	1	hardcode.distance	0.170731707317073
Inf	NA	0	PCHiC.Javierre.score	NA
8.50515282895743	0	0	PCHiC.Javierre.score	0
8.49007167426445	0.5	0.142857142857143	PCHiC.Javierre.score	0.222222222222222
7.13205775146124	0.333333333333333	0.142857142857143	PCHiC.Javierre.score	0.2
5.99654768340911	0.25	0.142857142857143	PCHiC.Javierre.score	0.181818181818182
5.84594005078585	0.4	0.285714285714286	PCHiC.Javierre.score	0.333333333333333
0	0.0933333333333333	1	PCHiC.Javierre.score	0.170731707317073
