alpha	precision	recall	pred.col	F1
Inf	NA	0	ABC.ABC.Score	NA
0.083942	0	0	ABC.ABC.Score	0
0.069625	0.5	0.166666666666667	ABC.ABC.Score	0.25
0.069392	0.666666666666667	0.333333333333333	ABC.ABC.Score	0.444444444444444
0.061247	0.75	0.5	ABC.ABC.Score	0.6
0.03625	0.8	0.666666666666667	ABC.ABC.Score	0.727272727272727
0.025319	0.833333333333333	0.833333333333333	ABC.ABC.Score	0.833333333333333
0.018189	0.714285714285714	0.833333333333333	ABC.ABC.Score	0.769230769230769
0.016792	0.625	0.833333333333333	ABC.ABC.Score	0.714285714285714
0.015816	0.555555555555556	0.833333333333333	ABC.ABC.Score	0.666666666666667
0.015561	0.5	0.833333333333333	ABC.ABC.Score	0.625
0.013626	0.454545454545455	0.833333333333333	ABC.ABC.Score	0.588235294117647
0.012407	0.416666666666667	0.833333333333333	ABC.ABC.Score	0.555555555555556
0.012066	0.384615384615385	0.833333333333333	ABC.ABC.Score	0.526315789473684
0.01167	0.357142857142857	0.833333333333333	ABC.ABC.Score	0.5
0.011239	0.333333333333333	0.833333333333333	ABC.ABC.Score	0.476190476190476
0.01122	0.3125	0.833333333333333	ABC.ABC.Score	0.454545454545455
0.011165	0.294117647058824	0.833333333333333	ABC.ABC.Score	0.434782608695652
0.010193	0.277777777777778	0.833333333333333	ABC.ABC.Score	0.416666666666667
0.00938	0.263157894736842	0.833333333333333	ABC.ABC.Score	0.4
0.009031	0.25	0.833333333333333	ABC.ABC.Score	0.384615384615385
0.008092	0.238095238095238	0.833333333333333	ABC.ABC.Score	0.37037037037037
0.007732	0.227272727272727	0.833333333333333	ABC.ABC.Score	0.357142857142857
0.006814	0.217391304347826	0.833333333333333	ABC.ABC.Score	0.344827586206897
0.006672	0.208333333333333	0.833333333333333	ABC.ABC.Score	0.333333333333333
0.006106	0.2	0.833333333333333	ABC.ABC.Score	0.32258064516129
0.00606	0.230769230769231	1	ABC.ABC.Score	0.375
0.005836	0.222222222222222	1	ABC.ABC.Score	0.363636363636364
0.004151	0.214285714285714	1	ABC.ABC.Score	0.352941176470588
0.004112	0.206896551724138	1	ABC.ABC.Score	0.342857142857143
0.003996	0.2	1	ABC.ABC.Score	0.333333333333333
0.003474	0.193548387096774	1	ABC.ABC.Score	0.324324324324324
0.003394	0.1875	1	ABC.ABC.Score	0.315789473684211
0.003168	0.181818181818182	1	ABC.ABC.Score	0.307692307692308
0.003038	0.176470588235294	1	ABC.ABC.Score	0.3
0.002528	0.171428571428571	1	ABC.ABC.Score	0.292682926829268
0.00201	0.166666666666667	1	ABC.ABC.Score	0.285714285714286
0.001915	0.162162162162162	1	ABC.ABC.Score	0.27906976744186
0.001667	0.157894736842105	1	ABC.ABC.Score	0.272727272727273
0.00165	0.153846153846154	1	ABC.ABC.Score	0.266666666666667
0.001614	0.15	1	ABC.ABC.Score	0.260869565217391
0.001561	0.146341463414634	1	ABC.ABC.Score	0.25531914893617
0.001502	0.142857142857143	1	ABC.ABC.Score	0.25
0.001499	0.13953488372093	1	ABC.ABC.Score	0.244897959183673
0.001422	0.136363636363636	1	ABC.ABC.Score	0.24
0.001324	0.133333333333333	1	ABC.ABC.Score	0.235294117647059
0.001318	0.130434782608696	1	ABC.ABC.Score	0.230769230769231
0.001289	0.127659574468085	1	ABC.ABC.Score	0.226415094339623
0.001241	0.125	1	ABC.ABC.Score	0.222222222222222
0.001168	0.122448979591837	1	ABC.ABC.Score	0.218181818181818
0.001129	0.12	1	ABC.ABC.Score	0.214285714285714
0.001087	0.117647058823529	1	ABC.ABC.Score	0.210526315789474
0.000915	0.115384615384615	1	ABC.ABC.Score	0.206896551724138
0.000909	0.113207547169811	1	ABC.ABC.Score	0.203389830508475
0.000733	0.111111111111111	1	ABC.ABC.Score	0.2
0.000731	0.109090909090909	1	ABC.ABC.Score	0.19672131147541
0.000724	0.107142857142857	1	ABC.ABC.Score	0.193548387096774
0.000721	0.105263157894737	1	ABC.ABC.Score	0.19047619047619
0.000701	0.103448275862069	1	ABC.ABC.Score	0.1875
0.000699	0.101694915254237	1	ABC.ABC.Score	0.184615384615385
0.000679	0.1	1	ABC.ABC.Score	0.181818181818182
0.000655	0.0983606557377049	1	ABC.ABC.Score	0.17910447761194
0.000639	0.0967741935483871	1	ABC.ABC.Score	0.176470588235294
0.00047	0.0952380952380952	1	ABC.ABC.Score	0.173913043478261
0.000387	0.09375	1	ABC.ABC.Score	0.171428571428571
0.000383	0.0923076923076923	1	ABC.ABC.Score	0.169014084507042
0.000263	0.0909090909090909	1	ABC.ABC.Score	0.166666666666667
0.00016	0.0895522388059701	1	ABC.ABC.Score	0.164383561643836
0	0.0810810810810811	1	ABC.ABC.Score	0.15
Inf	NA	0	hardcode.distance	NA
-13752	1	0.166666666666667	hardcode.distance	0.285714285714286
-15609	1	0.333333333333333	hardcode.distance	0.5
-18563	1	0.5	hardcode.distance	0.666666666666667
-21541	0.75	0.5	hardcode.distance	0.6
-24092	0.8	0.666666666666667	hardcode.distance	0.727272727272727
-26137	0.833333333333333	0.833333333333333	hardcode.distance	0.833333333333333
-26590.5	0.714285714285714	0.833333333333333	hardcode.distance	0.769230769230769
-27255	0.625	0.833333333333333	hardcode.distance	0.714285714285714
-29537	0.666666666666667	1	hardcode.distance	0.8
-30398	0.6	1	hardcode.distance	0.75
-41436	0.545454545454545	1	hardcode.distance	0.705882352941176
-43312	0.5	1	hardcode.distance	0.666666666666667
-44004	0.461538461538462	1	hardcode.distance	0.631578947368421
-48568	0.428571428571429	1	hardcode.distance	0.6
-53217	0.4	1	hardcode.distance	0.571428571428571
-54332	0.375	1	hardcode.distance	0.545454545454546
-61026	0.352941176470588	1	hardcode.distance	0.521739130434783
-64623	0.333333333333333	1	hardcode.distance	0.5
-66007	0.315789473684211	1	hardcode.distance	0.48
-76360	0.3	1	hardcode.distance	0.461538461538461
-79645	0.285714285714286	1	hardcode.distance	0.444444444444444
-81389	0.272727272727273	1	hardcode.distance	0.428571428571429
-82534	0.260869565217391	1	hardcode.distance	0.413793103448276
-97178	0.25	1	hardcode.distance	0.4
-97447	0.24	1	hardcode.distance	0.387096774193548
-98284	0.230769230769231	1	hardcode.distance	0.375
-102404	0.222222222222222	1	hardcode.distance	0.363636363636364
-103580	0.214285714285714	1	hardcode.distance	0.352941176470588
-104489	0.206896551724138	1	hardcode.distance	0.342857142857143
-116621	0.2	1	hardcode.distance	0.333333333333333
-118505	0.193548387096774	1	hardcode.distance	0.324324324324324
-120067	0.1875	1	hardcode.distance	0.315789473684211
-139810	0.181818181818182	1	hardcode.distance	0.307692307692308
-140361	0.176470588235294	1	hardcode.distance	0.3
-140502	0.171428571428571	1	hardcode.distance	0.292682926829268
-141693	0.166666666666667	1	hardcode.distance	0.285714285714286
-143827	0.162162162162162	1	hardcode.distance	0.27906976744186
-144798	0.157894736842105	1	hardcode.distance	0.272727272727273
-149638	0.153846153846154	1	hardcode.distance	0.266666666666667
-150346	0.15	1	hardcode.distance	0.260869565217391
-151890	0.146341463414634	1	hardcode.distance	0.25531914893617
-155517	0.142857142857143	1	hardcode.distance	0.25
-161667	0.13953488372093	1	hardcode.distance	0.244897959183673
-168509	0.136363636363636	1	hardcode.distance	0.24
-197710	0.133333333333333	1	hardcode.distance	0.235294117647059
-209505	0.130434782608696	1	hardcode.distance	0.230769230769231
-214819	0.127659574468085	1	hardcode.distance	0.226415094339623
-222376.5	0.125	1	hardcode.distance	0.222222222222222
-245488	0.122448979591837	1	hardcode.distance	0.218181818181818
-253659	0.12	1	hardcode.distance	0.214285714285714
-255513	0.117647058823529	1	hardcode.distance	0.210526315789474
-256938	0.115384615384615	1	hardcode.distance	0.206896551724138
-261500	0.113207547169811	1	hardcode.distance	0.203389830508475
-262232	0.111111111111111	1	hardcode.distance	0.2
-263010	0.109090909090909	1	hardcode.distance	0.19672131147541
-263438.5	0.107142857142857	1	hardcode.distance	0.193548387096774
-268663	0.105263157894737	1	hardcode.distance	0.19047619047619
-277888	0.103448275862069	1	hardcode.distance	0.1875
-278800.5	0.101694915254237	1	hardcode.distance	0.184615384615385
-279961	0.1	1	hardcode.distance	0.181818181818182
-280592	0.0983606557377049	1	hardcode.distance	0.17910447761194
-285899	0.0967741935483871	1	hardcode.distance	0.176470588235294
-294951	0.0952380952380952	1	hardcode.distance	0.173913043478261
-299963	0.09375	1	hardcode.distance	0.171428571428571
-339875	0.0923076923076923	1	hardcode.distance	0.169014084507042
-354862	0.0909090909090909	1	hardcode.distance	0.166666666666667
-365713	0.0895522388059701	1	hardcode.distance	0.164383561643836
-372776	0.0882352941176471	1	hardcode.distance	0.162162162162162
-373698	0.0869565217391304	1	hardcode.distance	0.16
-377534	0.0857142857142857	1	hardcode.distance	0.157894736842105
-394177	0.0845070422535211	1	hardcode.distance	0.155844155844156
-409585	0.0833333333333333	1	hardcode.distance	0.153846153846154
-501240	0.0821917808219178	1	hardcode.distance	0.151898734177215
-518019.5	0.0810810810810811	1	hardcode.distance	0.15
